lr0: 0.01064
lrf: 0.01002
momentum: 0.91155
weight_decay: 0.00054
warmup_epochs: 3.0371
warmup_momentum: 0.95
warmup_bias_lr: 0.10888
box: 0.04538
cls: 0.55669
cls_pw: 1.0973
obj: 1.1373
obj_pw: 1.2317
iou_t: 0.2
anchor_t: 4.1492
fl_gamma: 0.0
hsv_h: 0.01331
hsv_s: 0.5579
hsv_v: 0.37359
degrees: 0.0
translate: 0.14149
scale: 0.44154
shear: 0.0
perspective: 0.0
flipud: 0.0
fliplr: 0.5
mosaic: 1.0
mixup: 0.0
copy_paste: 0.0
anchors: 2.4484
